nodes edges methods memory_usage avg_epoch_time
10000 1000000 EMOGI 6.9570300000000005 0.16431010246276856
10000 1000000 GAT 9.160160000000001 0.16346221446990966
10000 1000000 GCN 6.87891 0.1333044648170471
10000 1000000 MTGCN 8.89258 1.7340700149536132
10000 1000000 SVM 0.05273440000000001 4.587398052215576
10000 1200000 GCN 8.257810000000001 0.1549076771736145
10000 1200000 MTGCN 9.24023 2.074402928352356
10000 1200000 SVM 0.0585938 4.626855134963989
10000 1400000 MTGCN 8.32617 2.4864315748214723
10000 1400000 SVM 0.0644531 4.728244781494141
10000 1600000 SVM 0.0703125 4.757402181625366
10000 1800000 SVM 0.07617189999999999 4.733306169509888
10000 2000000 SVM 0.0820312 4.7238242626190186
10000 200000 EMOGI 1.47656 0.046734750270843506
10000 200000 GAT 1.9023400000000001 0.04820423007011414
10000 200000 GCN 1.44336 0.03915533065795898
10000 200000 MTGCN 1.55859 0.46353468894958494
10000 200000 SVM 0.0214844 4.60175085067749
10000 3000000 SVM 0.111328 4.675384998321533
10000 400000 EMOGI 2.8378900000000002 0.0755650532245636
10000 400000 GAT 3.7246099999999998 0.07636889576911926
10000 400000 GCN 2.80078 0.062073510885238645
10000 400000 MTGCN 3.6464800000000004 0.7642095804214477
10000 400000 SVM 0.0351562 4.6384100914001465
10000 600000 EMOGI 4.21875 0.10576228976249695
10000 600000 GAT 5.53125 0.10588850498199463
10000 600000 GCN 4.16406 0.0856447434425354
10000 600000 MTGCN 6.7793 1.057244348526001
10000 600000 SVM 0.0410156 4.687086582183838
10000 800000 EMOGI 5.5918 0.1354554033279419
10000 800000 GAT 7.351560000000001 0.1347557032108307
10000 800000 GCN 5.513669999999999 0.10972806692123413
10000 800000 MTGCN 7.138669999999999 1.4107379198074341
10000 800000 SVM 0.046875 4.594553709030151
15000 1000000 EMOGI 6.992189999999999 0.1734813416004181
15000 1000000 GAT 9.195310000000001 0.1719907009601593
15000 1000000 GCN 6.923830000000001 0.1386484694480896
15000 1000000 MTGCN 6.0429699999999995 1.7271939754486083
15000 1000000 SVM 0.05273440000000001 6.345353126525879
15000 1200000 GCN 8.26953 0.16347644805908204
15000 1200000 MTGCN 7.46484 2.0593038320541384
15000 1200000 SVM 0.0585938 6.7320802211761475
15000 1400000 MTGCN 8.40625 2.4854758977890015
15000 1400000 SVM 0.0644531 6.585546493530273
15000 1600000 MTGCN 9.51172 2.824093770980835
15000 1600000 SVM 0.0703125 6.81591272354126
15000 1800000 SVM 0.07617189999999999 6.666118144989014
15000 2000000 SVM 0.0820312 6.537986755371094
15000 200000 EMOGI 1.5293 0.050262589454650876
15000 200000 GAT 1.95312 0.052025821208953854
15000 200000 GCN 1.49023 0.041728976964950565
15000 200000 MTGCN 1.97852 0.4603317975997925
15000 200000 SVM 0.0214844 6.545685052871704
15000 3000000 SVM 0.111328 6.597636699676514
15000 400000 EMOGI 2.8925799999999997 0.08032604932785034
15000 400000 GAT 3.7695300000000005 0.08214812517166138
15000 400000 GCN 2.8418 0.06527689218521118
15000 400000 MTGCN 3.72266 0.7555960655212403
15000 400000 SVM 0.0351562 6.97897481918335
15000 600000 EMOGI 4.246090000000001 0.1117333984375
15000 600000 GAT 5.57031 0.11159090638160706
15000 600000 GCN 4.19531 0.08987368822097778
15000 600000 MTGCN 5.44336 1.0438222646713258
15000 600000 SVM 0.0410156 6.609212398529053
15000 800000 EMOGI 5.62695 0.14180607557296754
15000 800000 GAT 7.39648 0.14075151920318604
15000 800000 GCN 5.55469 0.11438696861267089
15000 800000 MTGCN 9.05273 1.3718855857849122
15000 800000 SVM 0.046875 6.626698970794678
20000 1000000 EMOGI 7.03516 0.17764477491378783
20000 1000000 GAT 9.24023 0.17546067357063294
20000 1000000 GCN 6.951169999999999 0.1421511673927307
20000 1000000 MTGCN 6.06055 1.730539083480835
20000 1000000 SVM 0.0449219 9.9966299533844
20000 1200000 GCN 8.31445 0.16677332520484925
20000 1200000 MTGCN 7.2168 2.0984078645706177
20000 1200000 SVM 0.0507812 10.991492748260498
20000 1400000 MTGCN 8.371089999999999 2.4863426208496096
20000 1400000 SVM 0.05664059999999999 10.631349086761475
20000 1600000 SVM 0.0625 10.379746437072754
20000 1800000 SVM 0.06835939999999999 10.519684076309204
20000 2000000 SVM 0.0742188 10.019518375396729
20000 200000 EMOGI 1.5742200000000002 0.054049959182739256
20000 200000 GAT 1.98242 0.05480335593223572
20000 200000 GCN 1.5117200000000002 0.04369576930999756
20000 200000 MTGCN 1.5117200000000002 0.46931354999542235
20000 200000 SVM 0.0214844 10.351914882659912
20000 3000000 SVM 0.10351600000000001 10.27286148071289
20000 400000 EMOGI 2.9375 0.08341606020927429
20000 400000 GAT 3.8027300000000004 0.0842107343673706
20000 400000 GCN 2.875 0.06787168860435486
20000 400000 MTGCN 2.8066400000000002 0.7674166679382324
20000 400000 SVM 0.027343799999999998 10.14288592338562
20000 600000 EMOGI 4.308590000000001 0.11477616548538208
20000 600000 GAT 5.61523 0.11578914880752564
20000 600000 GCN 4.246090000000001 0.09271924495697022
20000 600000 MTGCN 5.53711 1.0575621604919434
20000 600000 SVM 0.0332031 10.623324871063232
20000 800000 EMOGI 5.671880000000001 0.1462949299812317
20000 800000 GAT 7.43359 0.14532521605491638
20000 800000 GCN 5.59961 0.11711497664451599
20000 800000 MTGCN 9.1543 1.4080719470977783
20000 800000 SVM 0.0390625 10.317384719848633
25000 1000000 EMOGI 7.078119999999999 0.18258921265602113
25000 1000000 GAT 9.29102 0.1793207347393036
25000 1000000 GCN 6.982419999999999 0.14497957706451417
25000 1000000 MTGCN 6.111330000000001 1.7773726463317872
25000 1000000 SVM 0.0488281 16.173304080963135
25000 1200000 GCN 8.3457 0.17060722589492797
25000 1200000 MTGCN 7.30859 2.1190550565719604
25000 1200000 SVM 0.0546875 15.065097570419312
25000 1400000 MTGCN 8.45898 2.552613615989685
25000 1400000 SVM 0.06054690000000001 15.559908628463745
25000 1600000 SVM 0.0664062 15.208962678909302
25000 1800000 SVM 0.07226560000000001 15.149715662002563
25000 2000000 SVM 0.078125 15.618861198425293
25000 200000 EMOGI 1.63086 0.05584402203559875
25000 200000 GAT 2.0488299999999997 0.0574814784526825
25000 200000 GCN 1.5625 0.04518347144126892
25000 200000 MTGCN 2.13672 0.4788679599761963
25000 200000 SVM 0.0371094 15.343610525131226
25000 3000000 SVM 0.107422 16.287359714508057
25000 400000 EMOGI 2.9863299999999997 0.087872976064682
25000 400000 GAT 3.8515599999999997 0.08704006791114807
25000 400000 GCN 2.9121099999999998 0.06993372917175293
25000 400000 MTGCN 3.85742 0.7885971546173096
25000 400000 SVM 0.03125 16.16435980796814
25000 600000 EMOGI 4.357419999999999 0.1193260657787323
25000 600000 GAT 5.6582 0.1180246388912201
25000 600000 GCN 4.277340000000001 0.09541769862174988
25000 600000 MTGCN 5.6054699999999995 1.0842666625976562
25000 600000 SVM 0.0371094 16.036914348602295
25000 800000 EMOGI 5.74414 0.15172658681869508
25000 800000 GAT 7.45898 0.1475311303138733
25000 800000 GCN 5.6367199999999995 0.12048796176910401
25000 800000 MTGCN 7.33789 1.4476320028305054
25000 800000 SVM 0.0429688 15.479090690612793
30000 1000000 EMOGI 7.148439999999999 0.18609245300292968
30000 1000000 GAT 9.32422 0.18199723601341247
30000 1000000 GCN 7.044919999999999 0.14779463529586792
30000 1000000 MTGCN 9.16797 1.7207890033721924
30000 1000000 SVM 0.0507812 20.65514302253723
30000 1200000 GCN 8.37305 0.17260611057281494
30000 1200000 MTGCN 7.35352 2.0642168045043947
30000 1200000 SVM 0.05664059999999999 21.75280237197876
30000 1400000 MTGCN 8.48633 2.4599328994750977
30000 1400000 SVM 0.0625 20.580609798431396
30000 1600000 SVM 0.06835939999999999 20.26474356651306
30000 1800000 SVM 0.0742188 20.418423891067505
30000 2000000 SVM 0.08007810000000001 21.57277774810791
30000 200000 EMOGI 1.67773 0.05930939316749573
30000 200000 GAT 2.09375 0.06000420570373535
30000 200000 GCN 1.5957 0.04686051726341248
30000 200000 MTGCN 2.19922 0.46985087394714353
30000 200000 SVM 0.0390625 20.4821834564209
30000 3000000 SVM 0.109375 20.49841570854187
30000 400000 EMOGI 3.0488299999999997 0.08939133524894714
30000 400000 GAT 3.88867 0.08928565859794617
30000 400000 GCN 2.93945 0.07174131512641907
30000 400000 MTGCN 3.9277300000000004 0.7640818119049072
30000 400000 SVM 0.0332031 20.514085054397583
30000 600000 EMOGI 4.39844 0.12188818454742431
30000 600000 GAT 5.683590000000001 0.11949079990386963
30000 600000 GCN 4.31055 0.09703815698623658
30000 600000 MTGCN 7.1445300000000005 1.051104235649109
30000 600000 SVM 0.0390625 20.269980907440186
30000 800000 EMOGI 5.78125 0.154419846534729
30000 800000 GAT 7.50391 0.1504921531677246
30000 800000 GCN 5.669919999999999 0.12269863605499268
30000 800000 MTGCN 9.335939999999999 1.3888991832733155
30000 800000 SVM 0.0449219 21.35974907875061
10000 1000000 EssSubgraph 0.115234375 1.3668904602527618
10000 1200000 EssSubgraph 0.123046875 1.567399024963379
10000 1400000 EssSubgraph 0.138671875 1.6449026811122893
10000 1600000 EssSubgraph 0.1640625 1.6940974164009095
10000 1800000 EssSubgraph 0.1875 1.7444769215583802
10000 200000 EssSubgraph 0.064453125 1.4991969895362853
10000 400000 EssSubgraph 0.064453125 1.5644827055931092
10000 600000 EssSubgraph 0.083984375 1.59256969332695
10000 800000 EssSubgraph 0.111328125 1.648510411977768
15000 1000000 EssSubgraph 0.115234375 1.680546478033066
15000 1200000 EssSubgraph 0.123046875 1.7273673808574677
15000 1400000 EssSubgraph 0.138671875 1.7822012495994568
15000 1600000 EssSubgraph 0.1484375 1.8036591935157775
15000 1800000 EssSubgraph 0.171875 1.992987903356552
15000 200000 EssSubgraph 0.06640625 1.7738887405395507
15000 400000 EssSubgraph 0.064453125 1.8025071811676026
15000 600000 EssSubgraph 0.083984375 1.8481036829948425
15000 800000 EssSubgraph 0.091796875 1.8664502775669098
20000 1000000 EssSubgraph 0.12109375 1.9178167533874513
20000 1200000 EssSubgraph 0.126953125 1.9499947440624237
20000 1400000 EssSubgraph 0.14453125 1.9882380938529969
20000 1600000 EssSubgraph 0.158203125 2.0052625691890715
20000 1800000 EssSubgraph 0.162109375 2.0468891787528993
20000 200000 EssSubgraph 0.078125 1.826156278848648
20000 400000 EssSubgraph 0.08203125 1.864509733915329
20000 600000 EssSubgraph 0.109375 1.886775860786438
20000 800000 EssSubgraph 0.10546875 1.9092846357822417
25000 1000000 EssSubgraph 0.12109375 1.9795798945426941
25000 1200000 EssSubgraph 0.12890625 2.005496858358383
25000 1400000 EssSubgraph 0.14453125 2.02794460773468
25000 1600000 EssSubgraph 0.169921875 2.2379291081428527
25000 1800000 EssSubgraph 0.173828125 2.2759551310539248
25000 200000 EssSubgraph 0.087890625 2.07067157626152
25000 400000 EssSubgraph 0.109375 2.121639885902405
25000 600000 EssSubgraph 0.11328125 2.1191652429103853
25000 800000 EssSubgraph 0.123046875 2.148159886598587
30000 1000000 EssSubgraph 0.146484375 2.20637961268425
30000 1200000 EssSubgraph 0.13671875 2.227992435693741
30000 1400000 EssSubgraph 0.15234375 2.252936083078384
30000 1600000 EssSubgraph 0.16015625 2.2636389899253846
30000 1800000 EssSubgraph 0.181640625 2.3017968487739564
30000 200000 EssSubgraph 0.091796875 2.114270347356796
30000 400000 EssSubgraph 0.1171875 2.123558067083359
30000 600000 EssSubgraph 0.119140625 2.149477446079254
30000 800000 EssSubgraph 0.142578125 2.1952168679237367
