0.0	0.0	0.0	0.0021321961620469083	0.0021321961620469083	0.0042643923240938165	0.0042643923240938165	0.008528784648187633	0.008528784648187633	0.01279317697228145	0.01279317697228145	0.017057569296375266	0.017057569296375266	0.021321961620469083	0.021321961620469083	0.0255863539445629	0.0255863539445629	0.02771855010660981	0.02771855010660981	0.029850746268656716	0.029850746268656716	0.03411513859275053	0.03624733475479744	0.03624733475479744	0.03837953091684435	0.03837953091684435	0.046908315565031986	0.046908315565031986	0.04904051172707889	0.04904051172707889	0.0511727078891258	0.0511727078891258	0.053304904051172705	0.053304904051172705	0.05543710021321962	0.05543710021321962	0.057569296375266525	0.057569296375266525	0.05970149253731343	0.05970149253731343	0.06823027718550106	0.06823027718550106	0.07036247334754797	0.07036247334754797	0.07249466950959488	0.07249466950959488	0.0767590618336887	0.08102345415778252	0.08102345415778252	0.08315565031982942	0.08315565031982942	0.09594882729211088	0.09594882729211088	0.09808102345415778	0.09808102345415778	0.10021321961620469	0.10021321961620469	0.1023454157782516	0.1023454157782516	0.10660980810234541	0.10660980810234541	0.11087420042643924	0.11087420042643924	0.11940298507462686	0.12366737739872068	0.1279317697228145	0.1279317697228145	0.1300639658848614	0.1300639658848614	0.13859275053304904	0.14285714285714285	0.14498933901918976	0.14498933901918976	0.14712153518123666	0.1513859275053305	0.1535181236673774	0.1535181236673774	0.15778251599147122	0.15778251599147122	0.16631130063965885	0.16631130063965885	0.17270788912579957	0.17270788912579957	0.17484008528784648	0.17484008528784648	0.18336886993603413	0.18336886993603413	0.19402985074626866	0.19402985074626866	0.19616204690831557	0.19616204690831557	0.22174840085287847	0.22174840085287847	0.22388059701492538	0.2281449893390192	0.2281449893390192	0.23667377398720682	0.24946695095948826	0.2537313432835821	0.26652452025586354	0.26652452025586354	0.2878464818763326	0.2878464818763326	0.3049040511727079	0.3091684434968017	0.31769722814498935	0.31769722814498935	0.32196162046908317	0.3304904051172708	0.3411513859275053	0.34541577825159914	0.3582089552238806	0.3582089552238806	0.3624733475479744	0.36673773987206826	0.36673773987206826	0.3752665245202559	0.3795309168443497	0.3859275053304904	0.39019189765458423	0.4115138592750533	0.417910447761194	0.417910447761194	0.4200426439232409	0.42430703624733473	0.43710021321961623	0.43710021321961623	0.44136460554371004	0.44136460554371004	0.4584221748400853	0.4584221748400853	0.4626865671641791	0.4626865671641791	0.48187633262260127	0.4861407249466951	0.5053304904051172	0.509594882729211	0.509594882729211	0.5138592750533049	0.5181236673773987	0.5287846481876333	0.5287846481876333	0.535181236673774	0.5394456289978679	0.5415778251599147	0.5415778251599147	0.5479744136460555	0.5522388059701493	0.5543710021321961	0.5543710021321961	0.55863539445629	0.5927505330490405	0.5927505330490405	0.5948827292110874	0.5948827292110874	0.5991471215351812	0.603411513859275	0.6183368869936035	0.6226012793176973	0.6460554371002132	0.6545842217484008	0.6631130063965884	0.6631130063965884	0.6886993603411514	0.6886993603411514	0.6950959488272921	0.6950959488272921	0.6993603411513859	0.7057569296375267	0.7057569296375267	0.7078891257995735	0.7164179104477612	0.746268656716418	0.7505330490405118	0.7611940298507462	0.7654584221748401	0.7761194029850746	0.7803837953091685	0.8081023454157783	0.8123667377398721	0.8294243070362474	0.8336886993603412	0.8486140724946695	0.8528784648187633	0.8571428571428571	0.8571428571428571	0.8635394456289979	0.8678038379530917	0.8742004264392325	0.8763326226012793	0.8805970149253731	0.8869936034115139	0.8955223880597015	0.9019189765458422	0.9104477611940298	0.9168443496801706	0.9253731343283582	1.0	
0.0	0.0	0.0	0.0021321961620469083	0.0021321961620469083	0.0042643923240938165	0.0042643923240938165	0.0042643923240938165	0.008528784648187633	0.008528784648187633	0.014925373134328358	0.014925373134328358	0.017057569296375266	0.017057569296375266	0.019189765458422176	0.019189765458422176	0.021321961620469083	0.021321961620469083	0.023454157782515993	0.023454157782515993	0.02771855010660981	0.029850746268656716	0.029850746268656716	0.031982942430703626	0.031982942430703626	0.03624733475479744	0.03624733475479744	0.04051172707889126	0.04051172707889126	0.042643923240938165	0.042643923240938165	0.04477611940298507	0.04477611940298507	0.046908315565031986	0.046908315565031986	0.053304904051172705	0.053304904051172705	0.05543710021321962	0.05543710021321962	0.057569296375266525	0.057569296375266525	0.05970149253731343	0.05970149253731343	0.07249466950959488	0.07249466950959488	0.07462686567164178	0.07462686567164178	0.07889125799573561	0.08102345415778252	0.08102345415778252	0.08315565031982942	0.08315565031982942	0.08955223880597014	0.08955223880597014	0.09168443496801706	0.09168443496801706	0.09381663113006397	0.09381663113006397	0.09594882729211088	0.09594882729211088	0.10021321961620469	0.10021321961620469	0.10660980810234541	0.10660980810234541	0.10874200426439233	0.10874200426439233	0.13859275053304904	0.13859275053304904	0.14498933901918976	0.1513859275053305	0.1513859275053305	0.15565031982942432	0.15565031982942432	0.15991471215351813	0.16417910447761194	0.17270788912579957	0.17697228144989338	0.17697228144989338	0.1812366737739872	0.18336886993603413	0.18336886993603413	0.19616204690831557	0.19616204690831557	0.2025586353944563	0.2025586353944563	0.2046908315565032	0.2046908315565032	0.24093816631130063	0.24093816631130063	0.24520255863539445	0.24946695095948826	0.255863539445629	0.2601279317697228	0.2622601279317697	0.26652452025586354	0.2771855010660981	0.2771855010660981	0.2835820895522388	0.2878464818763326	0.2942430703624733	0.2942430703624733	0.3283582089552239	0.3283582089552239	0.3304904051172708	0.3304904051172708	0.34328358208955223	0.34328358208955223	0.3646055437100213	0.36886993603411516	0.373134328358209	0.3773987206823028	0.3859275053304904	0.3859275053304904	0.40085287846481876	0.40085287846481876	0.4115138592750533	0.4157782515991471	0.417910447761194	0.417910447761194	0.43070362473347545	0.43070362473347545	0.4840085287846482	0.4840085287846482	0.5074626865671642	0.5074626865671642	0.511727078891258	0.5159914712153518	0.5181236673773987	0.5245202558635395	0.5501066098081023	0.5501066098081023	0.5565031982942431	0.5607675906183369	0.5628997867803838	0.5692963752665245	0.5906183368869936	0.5991471215351812	0.6311300639658849	0.6311300639658849	0.6460554371002132	0.6460554371002132	0.6481876332622601	0.652452025586354	0.6545842217484008	0.6545842217484008	0.6609808102345416	0.6652452025586354	0.673773987206823	0.6780383795309168	0.6801705756929638	0.6844349680170576	0.6865671641791045	0.6908315565031983	0.6950959488272921	0.6993603411513859	0.7036247334754797	0.7100213219616205	0.7334754797441365	0.7377398720682303	0.744136460554371	0.744136460554371	0.7484008528784648	0.7505330490405118	0.7547974413646056	0.7654584221748401	0.7654584221748401	0.7697228144989339	0.7761194029850746	0.7761194029850746	0.7782515991471215	0.7782515991471215	0.8017057569296375	0.8059701492537313	0.814498933901919	0.8187633262260128	0.8251599147121536	0.8294243070362474	0.8315565031982942	0.8315565031982942	0.837953091684435	0.8443496801705757	0.8486140724946695	0.8635394456289979	0.8720682302771855	0.8742004264392325	0.8912579957356077	1.0	
0.0	0.0	0.0042643923240938165	0.0042643923240938165	0.0042643923240938165	0.006396588486140725	0.006396588486140725	0.008528784648187633	0.008528784648187633	0.010660980810234541	0.010660980810234541	0.01279317697228145	0.01279317697228145	0.014925373134328358	0.014925373134328358	0.017057569296375266	0.017057569296375266	0.019189765458422176	0.019189765458422176	0.023454157782515993	0.023454157782515993	0.029850746268656716	0.029850746268656716	0.031982942430703626	0.031982942430703626	0.03624733475479744	0.03624733475479744	0.04051172707889126	0.04051172707889126	0.042643923240938165	0.042643923240938165	0.04477611940298507	0.04477611940298507	0.046908315565031986	0.046908315565031986	0.04904051172707889	0.04904051172707889	0.0511727078891258	0.0511727078891258	0.053304904051172705	0.053304904051172705	0.057569296375266525	0.057569296375266525	0.06183368869936034	0.06183368869936034	0.06823027718550106	0.07249466950959488	0.07462686567164178	0.07462686567164178	0.0767590618336887	0.0767590618336887	0.07889125799573561	0.07889125799573561	0.08742004264392324	0.08742004264392324	0.08955223880597014	0.08955223880597014	0.09594882729211088	0.09594882729211088	0.09808102345415778	0.09808102345415778	0.10021321961620469	0.10021321961620469	0.1044776119402985	0.10874200426439233	0.11513859275053305	0.11513859275053305	0.11727078891257996	0.11727078891257996	0.11940298507462686	0.11940298507462686	0.1279317697228145	0.1279317697228145	0.1300639658848614	0.1300639658848614	0.13219616204690832	0.13219616204690832	0.13432835820895522	0.13432835820895522	0.14285714285714285	0.14285714285714285	0.14498933901918976	0.14925373134328357	0.15991471215351813	0.16417910447761194	0.16844349680170576	0.17270788912579957	0.18336886993603413	0.18336886993603413	0.18763326226012794	0.19189765458422176	0.2025586353944563	0.2025586353944563	0.21748400852878466	0.22174840085287847	0.232409381663113	0.23667377398720682	0.23667377398720682	0.23880597014925373	0.23880597014925373	0.24093816631130063	0.24093816631130063	0.27292110874200426	0.27292110874200426	0.2899786780383795	0.2899786780383795	0.3049040511727079	0.3091684434968017	0.31130063965884863	0.31556503198294245	0.3368869936034115	0.3411513859275053	0.3603411513859275	0.3646055437100213	0.36886993603411516	0.36886993603411516	0.43283582089552236	0.43710021321961623	0.44562899786780386	0.44562899786780386	0.44776119402985076	0.4520255863539446	0.4669509594882729	0.4669509594882729	0.47121535181236673	0.47121535181236673	0.47547974413646055	0.47974413646055436	0.4946695095948827	0.4989339019189765	0.5053304904051172	0.5053304904051172	0.511727078891258	0.511727078891258	0.5138592750533049	0.5181236673773987	0.5479744136460555	0.5479744136460555	0.5543710021321961	0.5543710021321961	0.5927505330490405	0.6012793176972282	0.6247334754797441	0.6247334754797441	0.650319829424307	0.6545842217484008	0.6801705756929638	0.6844349680170576	0.6844349680170576	0.6865671641791045	0.6908315565031983	0.7014925373134329	0.7057569296375267	0.7142857142857143	0.7142857142857143	0.7313432835820896	0.7356076759061834	0.7398720682302772	0.744136460554371	0.7590618336886994	0.7654584221748401	0.767590618336887	0.7718550106609808	0.7867803837953091	0.7910447761194029	0.7953091684434968	0.8038379530916845	0.8208955223880597	0.8251599147121536	0.8294243070362474	0.8336886993603412	0.8507462686567164	0.8592750533049041	0.8635394456289979	0.8699360341151386	0.8742004264392325	0.8805970149253731	0.8869936034115139	0.8933901918976546	0.8955223880597015	0.9104477611940298	0.9232409381663113	0.9275053304904051	1.0	
0.0	0.0	0.0	0.0042643923240938165	0.0042643923240938165	0.006396588486140725	0.006396588486140725	0.008528784648187633	0.008528784648187633	0.010660980810234541	0.010660980810234541	0.014925373134328358	0.017057569296375266	0.021321961620469083	0.021321961620469083	0.023454157782515993	0.023454157782515993	0.0255863539445629	0.0255863539445629	0.029850746268656716	0.031982942430703626	0.031982942430703626	0.03624733475479744	0.03624733475479744	0.04051172707889126	0.04477611940298507	0.04904051172707889	0.04904051172707889	0.0511727078891258	0.0511727078891258	0.053304904051172705	0.053304904051172705	0.05543710021321962	0.05543710021321962	0.057569296375266525	0.057569296375266525	0.06183368869936034	0.06183368869936034	0.06396588486140725	0.06396588486140725	0.06609808102345416	0.06609808102345416	0.06823027718550106	0.06823027718550106	0.07249466950959488	0.07249466950959488	0.07462686567164178	0.07462686567164178	0.08102345415778252	0.08102345415778252	0.08315565031982942	0.08315565031982942	0.08528784648187633	0.08528784648187633	0.08955223880597014	0.08955223880597014	0.09594882729211088	0.09594882729211088	0.09808102345415778	0.09808102345415778	0.1023454157782516	0.1023454157782516	0.10874200426439233	0.10874200426439233	0.11300639658848614	0.12366737739872068	0.12366737739872068	0.1300639658848614	0.1300639658848614	0.1513859275053305	0.1513859275053305	0.1535181236673774	0.1535181236673774	0.15565031982942432	0.15565031982942432	0.16204690831556504	0.16204690831556504	0.16631130063965885	0.16631130063965885	0.17057569296375266	0.17057569296375266	0.17484008528784648	0.17484008528784648	0.18763326226012794	0.19189765458422176	0.19616204690831557	0.19616204690831557	0.19829424307036247	0.19829424307036247	0.20042643923240938	0.20042643923240938	0.21108742004264391	0.21108742004264391	0.21535181236673773	0.21535181236673773	0.21961620469083157	0.23667377398720682	0.24093816631130063	0.24307036247334754	0.24307036247334754	0.24520255863539445	0.24520255863539445	0.24946695095948826	0.26865671641791045	0.27292110874200426	0.29637526652452023	0.29637526652452023	0.3049040511727079	0.3049040511727079	0.31343283582089554	0.31343283582089554	0.31769722814498935	0.326226012793177	0.326226012793177	0.3347547974413646	0.3390191897654584	0.3411513859275053	0.34541577825159914	0.34541577825159914	0.3603411513859275	0.3646055437100213	0.40085287846481876	0.40085287846481876	0.4157782515991471	0.4200426439232409	0.42643923240938164	0.43070362473347545	0.43283582089552236	0.43283582089552236	0.43710021321961623	0.43710021321961623	0.464818763326226	0.464818763326226	0.47334754797441364	0.47334754797441364	0.47974413646055436	0.47974413646055436	0.488272921108742	0.488272921108742	0.4925373134328358	0.4925373134328358	0.4968017057569296	0.5053304904051172	0.5053304904051172	0.5266524520255863	0.5309168443496801	0.5437100213219617	0.5437100213219617	0.5565031982942431	0.5607675906183369	0.5756929637526652	0.579957356076759	0.5863539445628998	0.5863539445628998	0.5884861407249466	0.5927505330490405	0.5991471215351812	0.603411513859275	0.6119402985074627	0.6162046908315565	0.652452025586354	0.6567164179104478	0.6609808102345416	0.6652452025586354	0.6801705756929638	0.6801705756929638	0.6886993603411514	0.6929637526652452	0.7057569296375267	0.7100213219616205	0.7420042643923241	0.7420042643923241	0.744136460554371	0.7484008528784648	0.7505330490405118	0.7590618336886994	0.7803837953091685	0.7846481876332623	0.7953091684434968	0.8038379530916845	0.8081023454157783	0.8123667377398721	0.814498933901919	0.8187633262260128	0.8208955223880597	0.8251599147121536	0.8272921108742004	0.8400852878464818	0.8486140724946695	0.8528784648187633	0.8550106609808102	0.8614072494669509	0.8656716417910447	0.8784648187633263	1.0	
0.0	0.0	0.0021321961620469083	0.0021321961620469083	0.0042643923240938165	0.0042643923240938165	0.006396588486140725	0.006396588486140725	0.008528784648187633	0.008528784648187633	0.01279317697228145	0.01279317697228145	0.014925373134328358	0.014925373134328358	0.017057569296375266	0.017057569296375266	0.019189765458422176	0.019189765458422176	0.021321961620469083	0.021321961620469083	0.023454157782515993	0.023454157782515993	0.0255863539445629	0.0255863539445629	0.02771855010660981	0.02771855010660981	0.029850746268656716	0.029850746268656716	0.031982942430703626	0.031982942430703626	0.03624733475479744	0.03624733475479744	0.03837953091684435	0.03837953091684435	0.04051172707889126	0.04051172707889126	0.04477611940298507	0.04477611940298507	0.046908315565031986	0.046908315565031986	0.0511727078891258	0.0511727078891258	0.053304904051172705	0.053304904051172705	0.05543710021321962	0.05543710021321962	0.057569296375266525	0.06183368869936034	0.06183368869936034	0.06609808102345416	0.06823027718550106	0.06823027718550106	0.07036247334754797	0.07036247334754797	0.07462686567164178	0.07462686567164178	0.0767590618336887	0.0767590618336887	0.07889125799573561	0.07889125799573561	0.08528784648187633	0.08528784648187633	0.08742004264392324	0.09594882729211088	0.10021321961620469	0.1044776119402985	0.1044776119402985	0.10660980810234541	0.11087420042643924	0.11300639658848614	0.11300639658848614	0.11727078891257996	0.11940298507462686	0.11940298507462686	0.12153518123667377	0.12153518123667377	0.1300639658848614	0.13432835820895522	0.13646055437100213	0.13646055437100213	0.14072494669509594	0.14498933901918976	0.14498933901918976	0.1513859275053305	0.1513859275053305	0.15778251599147122	0.15778251599147122	0.16417910447761194	0.16417910447761194	0.16631130063965885	0.16631130063965885	0.16844349680170576	0.16844349680170576	0.17270788912579957	0.17270788912579957	0.17697228144989338	0.17697228144989338	0.18976545842217485	0.18976545842217485	0.2068230277185501	0.2068230277185501	0.21321961620469082	0.21748400852878466	0.21748400852878466	0.22388059701492538	0.22388059701492538	0.2260127931769723	0.2260127931769723	0.2302771855010661	0.2345415778251599	0.24733475479744135	0.24733475479744135	0.24946695095948826	0.24946695095948826	0.2515991471215352	0.2515991471215352	0.2771855010660981	0.2771855010660981	0.2857142857142857	0.2857142857142857	0.2899786780383795	0.2899786780383795	0.2942430703624733	0.302771855010661	0.302771855010661	0.326226012793177	0.3304904051172708	0.3326226012793177	0.3326226012793177	0.35181236673773986	0.35181236673773986	0.35394456289978676	0.35394456289978676	0.3773987206823028	0.3816631130063966	0.43070362473347545	0.43070362473347545	0.4669509594882729	0.47121535181236673	0.47334754797441364	0.47761194029850745	0.47761194029850745	0.48187633262260127	0.48187633262260127	0.5074626865671642	0.511727078891258	0.5181236673773987	0.5181236673773987	0.5202558635394456	0.5202558635394456	0.5287846481876333	0.535181236673774	0.5437100213219617	0.5522388059701493	0.5522388059701493	0.5906183368869936	0.5948827292110874	0.6183368869936035	0.6226012793176973	0.6289978678038379	0.6332622601279317	0.6375266524520256	0.6417910447761194	0.6567164179104478	0.6609808102345416	0.6631130063965884	0.6673773987206824	0.7420042643923241	0.746268656716418	0.7590618336886994	0.7654584221748401	0.7761194029850746	0.7803837953091685	0.7867803837953091	0.7910447761194029	0.7995735607675906	0.8102345415778252	0.8123667377398721	0.8166311300639659	0.8208955223880597	0.8230277185501066	0.8315565031982942	0.837953091684435	0.8464818763326226	0.8571428571428571	0.8614072494669509	0.8742004264392325	1.0	
0.0	0.0021321961620469083	0.0042643923240938165	0.006396588486140725	0.008528784648187633	0.008528784648187633	0.010660980810234541	0.010660980810234541	0.01279317697228145	0.01279317697228145	0.014925373134328358	0.014925373134328358	0.017057569296375266	0.019189765458422176	0.0255863539445629	0.0255863539445629	0.031982942430703626	0.031982942430703626	0.03411513859275053	0.03837953091684435	0.03837953091684435	0.04051172707889126	0.04051172707889126	0.046908315565031986	0.046908315565031986	0.0511727078891258	0.0511727078891258	0.053304904051172705	0.053304904051172705	0.05543710021321962	0.05543710021321962	0.06183368869936034	0.06183368869936034	0.06396588486140725	0.06396588486140725	0.07036247334754797	0.07036247334754797	0.07249466950959488	0.07249466950959488	0.0767590618336887	0.0767590618336887	0.07889125799573561	0.07889125799573561	0.08315565031982942	0.08315565031982942	0.09594882729211088	0.09594882729211088	0.10021321961620469	0.10021321961620469	0.1044776119402985	0.1044776119402985	0.10874200426439233	0.10874200426439233	0.11087420042643924	0.11087420042643924	0.11300639658848614	0.11300639658848614	0.11727078891257996	0.11727078891257996	0.12366737739872068	0.12366737739872068	0.14072494669509594	0.14072494669509594	0.14925373134328357	0.14925373134328357	0.1513859275053305	0.15778251599147122	0.16204690831556504	0.16204690831556504	0.16844349680170576	0.16844349680170576	0.17270788912579957	0.17270788912579957	0.18336886993603413	0.18763326226012794	0.19829424307036247	0.19829424307036247	0.2068230277185501	0.2068230277185501	0.21535181236673773	0.21535181236673773	0.2281449893390192	0.2281449893390192	0.23880597014925373	0.23880597014925373	0.24520255863539445	0.24520255863539445	0.24733475479744135	0.2515991471215352	0.255863539445629	0.2601279317697228	0.27078891257995735	0.27078891257995735	0.302771855010661	0.302771855010661	0.3347547974413646	0.3347547974413646	0.3411513859275053	0.34541577825159914	0.3646055437100213	0.3646055437100213	0.4115138592750533	0.4115138592750533	0.4200426439232409	0.4200426439232409	0.42217484008528783	0.4349680170575693	0.43923240938166314	0.43923240938166314	0.4520255863539446	0.4520255863539446	0.47974413646055436	0.47974413646055436	0.4840085287846482	0.5074626865671642	0.511727078891258	0.5181236673773987	0.5181236673773987	0.5223880597014925	0.5266524520255863	0.5437100213219617	0.5437100213219617	0.5842217484008528	0.5884861407249466	0.5948827292110874	0.603411513859275	0.605543710021322	0.605543710021322	0.6098081023454158	0.6140724946695096	0.6183368869936035	0.6183368869936035	0.6417910447761194	0.6460554371002132	0.6460554371002132	0.6673773987206824	0.6716417910447762	0.6780383795309168	0.6823027718550106	0.6865671641791045	0.6865671641791045	0.6908315565031983	0.6950959488272921	0.7185501066098081	0.7185501066098081	0.7249466950959488	0.7334754797441365	0.7377398720682303	0.7398720682302772	0.744136460554371	0.746268656716418	0.7526652452025586	0.7547974413646056	0.7569296375266524	0.7611940298507462	0.7654584221748401	0.7654584221748401	0.7718550106609808	0.7761194029850746	0.7825159914712153	0.7889125799573561	0.7910447761194029	0.7974413646055437	0.7995735607675906	0.8059701492537313	0.8102345415778252	0.8123667377398721	0.8230277185501066	0.8251599147121536	0.835820895522388	0.8486140724946695	0.8592750533049041	1.0	
0.0	0.0	0.0	0.0021321961620469083	0.0021321961620469083	0.0042643923240938165	0.0042643923240938165	0.006396588486140725	0.006396588486140725	0.008528784648187633	0.008528784648187633	0.010660980810234541	0.010660980810234541	0.01279317697228145	0.01279317697228145	0.014925373134328358	0.014925373134328358	0.017057569296375266	0.017057569296375266	0.021321961620469083	0.021321961620469083	0.023454157782515993	0.023454157782515993	0.0255863539445629	0.0255863539445629	0.02771855010660981	0.02771855010660981	0.029850746268656716	0.029850746268656716	0.031982942430703626	0.031982942430703626	0.03624733475479744	0.03624733475479744	0.03837953091684435	0.03837953091684435	0.04477611940298507	0.04477611940298507	0.046908315565031986	0.046908315565031986	0.0511727078891258	0.0511727078891258	0.053304904051172705	0.053304904051172705	0.05543710021321962	0.05543710021321962	0.06183368869936034	0.06183368869936034	0.06609808102345416	0.06609808102345416	0.07036247334754797	0.07036247334754797	0.07889125799573561	0.07889125799573561	0.08315565031982942	0.08315565031982942	0.08742004264392324	0.08742004264392324	0.10021321961620469	0.10021321961620469	0.11940298507462686	0.11940298507462686	0.12153518123667377	0.12153518123667377	0.1300639658848614	0.1300639658848614	0.13432835820895522	0.13432835820895522	0.14498933901918976	0.14498933901918976	0.1513859275053305	0.1513859275053305	0.1535181236673774	0.1535181236673774	0.15565031982942432	0.15565031982942432	0.16844349680170576	0.16844349680170576	0.17270788912579957	0.1791044776119403	0.18550106609808104	0.18550106609808104	0.18976545842217485	0.18976545842217485	0.19829424307036247	0.19829424307036247	0.22388059701492538	0.22388059701492538	0.2302771855010661	0.2345415778251599	0.24520255863539445	0.24520255863539445	0.2579957356076759	0.26652452025586354	0.27078891257995735	0.2771855010660981	0.2771855010660981	0.2835820895522388	0.2878464818763326	0.3049040511727079	0.3091684434968017	0.31343283582089554	0.31343283582089554	0.31556503198294245	0.31982942430703626	0.32409381663113007	0.3283582089552239	0.34754797441364604	0.34754797441364604	0.35181236673773986	0.35607675906183367	0.35607675906183367	0.37100213219616207	0.37100213219616207	0.40085287846481876	0.4051172707889126	0.4115138592750533	0.4115138592750533	0.4136460554371002	0.4136460554371002	0.4157782515991471	0.4157782515991471	0.417910447761194	0.417910447761194	0.42430703624733473	0.42857142857142855	0.4541577825159915	0.4541577825159915	0.4584221748400853	0.4626865671641791	0.4690831556503198	0.47761194029850745	0.4968017057569296	0.4968017057569296	0.5010660980810234	0.5031982942430704	0.5074626865671642	0.5330490405117271	0.5415778251599147	0.5522388059701493	0.5522388059701493	0.5778251599147122	0.5778251599147122	0.5927505330490405	0.5927505330490405	0.6098081023454158	0.6162046908315565	0.6247334754797441	0.6289978678038379	0.6375266524520256	0.6375266524520256	0.6481876332622601	0.652452025586354	0.6545842217484008	0.6588486140724946	0.6652452025586354	0.6652452025586354	0.6780383795309168	0.6780383795309168	0.6929637526652452	0.697228144989339	0.7100213219616205	0.7100213219616205	0.7292110874200426	0.7292110874200426	0.7313432835820896	0.7356076759061834	0.7377398720682303	0.744136460554371	0.7825159914712153	0.7867803837953091	0.8017057569296375	0.8017057569296375	0.8059701492537313	0.8123667377398721	0.8166311300639659	0.8251599147121536	0.8294243070362474	0.835820895522388	0.837953091684435	0.8443496801705757	0.8464818763326226	0.8528784648187633	0.8592750533049041	0.8763326226012793	0.8805970149253731	0.8827292110874201	0.8955223880597015	0.9125799573560768	0.9147121535181236	1.0	
0.0	0.0	0.0021321961620469083	0.0021321961620469083	0.0042643923240938165	0.0042643923240938165	0.008528784648187633	0.008528784648187633	0.010660980810234541	0.010660980810234541	0.01279317697228145	0.01279317697228145	0.017057569296375266	0.017057569296375266	0.019189765458422176	0.019189765458422176	0.021321961620469083	0.021321961620469083	0.02771855010660981	0.02771855010660981	0.031982942430703626	0.031982942430703626	0.03411513859275053	0.03411513859275053	0.03624733475479744	0.03624733475479744	0.03837953091684435	0.03837953091684435	0.04477611940298507	0.04477611940298507	0.046908315565031986	0.046908315565031986	0.0511727078891258	0.0511727078891258	0.053304904051172705	0.053304904051172705	0.057569296375266525	0.06183368869936034	0.06183368869936034	0.06396588486140725	0.06396588486140725	0.06823027718550106	0.06823027718550106	0.07036247334754797	0.07036247334754797	0.07249466950959488	0.07249466950959488	0.07462686567164178	0.07462686567164178	0.0767590618336887	0.0767590618336887	0.07889125799573561	0.07889125799573561	0.08528784648187633	0.08528784648187633	0.09168443496801706	0.09168443496801706	0.09381663113006397	0.09381663113006397	0.09808102345415778	0.09808102345415778	0.10874200426439233	0.10874200426439233	0.11087420042643924	0.11087420042643924	0.11300639658848614	0.11300639658848614	0.11727078891257996	0.1257995735607676	0.1257995735607676	0.13219616204690832	0.13219616204690832	0.14925373134328357	0.1535181236673774	0.16631130063965885	0.16631130063965885	0.17057569296375266	0.1791044776119403	0.1791044776119403	0.18336886993603413	0.21535181236673773	0.21535181236673773	0.21748400852878466	0.22174840085287847	0.22388059701492538	0.22388059701492538	0.2515991471215352	0.2515991471215352	0.255863539445629	0.255863539445629	0.2579957356076759	0.26439232409381663	0.26865671641791045	0.26865671641791045	0.2857142857142857	0.2899786780383795	0.2942430703624733	0.2942430703624733	0.3091684434968017	0.31769722814498935	0.34541577825159914	0.34968017057569295	0.36886993603411516	0.373134328358209	0.3752665245202559	0.3795309168443497	0.39019189765458423	0.39658848614072495	0.39872068230277186	0.4072494669509595	0.4200426439232409	0.4200426439232409	0.42430703624733473	0.42857142857142855	0.43070362473347545	0.4349680170575693	0.44989339019189767	0.44989339019189767	0.4541577825159915	0.4541577825159915	0.4669509594882729	0.4669509594882729	0.4861407249466951	0.4861407249466951	0.5010660980810234	0.5053304904051172	0.5074626865671642	0.511727078891258	0.5181236673773987	0.5181236673773987	0.5309168443496801	0.535181236673774	0.5458422174840085	0.5501066098081023	0.5692963752665245	0.5735607675906184	0.5778251599147122	0.5778251599147122	0.582089552238806	0.5927505330490405	0.5927505330490405	0.6140724946695096	0.6140724946695096	0.6311300639658849	0.6311300639658849	0.6417910447761194	0.6417910447761194	0.650319829424307	0.6545842217484008	0.6588486140724946	0.6588486140724946	0.6929637526652452	0.6993603411513859	0.7036247334754797	0.7334754797441365	0.7377398720682303	0.7484008528784648	0.7484008528784648	0.7782515991471215	0.7803837953091685	0.7846481876332623	0.7867803837953091	0.7910447761194029	0.7995735607675906	0.8059701492537313	0.8123667377398721	0.8187633262260128	0.8272921108742004	0.8294243070362474	0.8336886993603412	0.8336886993603412	0.837953091684435	0.8464818763326226	0.8486140724946695	0.8550106609808102	0.8678038379530917	0.8763326226012793	0.8848614072494669	1.0	
0.0	0.0	0.0	0.0021321961620469083	0.0021321961620469083	0.0042643923240938165	0.0042643923240938165	0.006396588486140725	0.006396588486140725	0.008528784648187633	0.008528784648187633	0.010660980810234541	0.010660980810234541	0.014925373134328358	0.014925373134328358	0.019189765458422176	0.019189765458422176	0.031982942430703626	0.031982942430703626	0.03411513859275053	0.03411513859275053	0.03624733475479744	0.03624733475479744	0.03837953091684435	0.03837953091684435	0.04051172707889126	0.04051172707889126	0.042643923240938165	0.042643923240938165	0.046908315565031986	0.046908315565031986	0.04904051172707889	0.04904051172707889	0.057569296375266525	0.057569296375266525	0.06396588486140725	0.06396588486140725	0.06823027718550106	0.06823027718550106	0.07249466950959488	0.0767590618336887	0.07889125799573561	0.07889125799573561	0.08315565031982942	0.08315565031982942	0.08955223880597014	0.08955223880597014	0.09594882729211088	0.09594882729211088	0.1044776119402985	0.1044776119402985	0.10874200426439233	0.10874200426439233	0.11300639658848614	0.11300639658848614	0.11727078891257996	0.11727078891257996	0.1279317697228145	0.1279317697228145	0.13219616204690832	0.13219616204690832	0.14285714285714285	0.14285714285714285	0.14712153518123666	0.14712153518123666	0.1513859275053305	0.1513859275053305	0.17270788912579957	0.17697228144989338	0.17697228144989338	0.18550106609808104	0.18550106609808104	0.19616204690831557	0.20042643923240938	0.2260127931769723	0.2302771855010661	0.232409381663113	0.232409381663113	0.24093816631130063	0.24093816631130063	0.24520255863539445	0.24946695095948826	0.2537313432835821	0.2537313432835821	0.2579957356076759	0.2579957356076759	0.26439232409381663	0.26439232409381663	0.27505330490405117	0.27505330490405117	0.279317697228145	0.279317697228145	0.3091684434968017	0.31343283582089554	0.31343283582089554	0.326226012793177	0.3304904051172708	0.34754797441364604	0.35181236673773986	0.3624733475479744	0.3624733475479744	0.373134328358209	0.3773987206823028	0.3773987206823028	0.39019189765458423	0.39019189765458423	0.39445628997867804	0.39445628997867804	0.39872068230277186	0.417910447761194	0.42217484008528783	0.42430703624733473	0.42430703624733473	0.43923240938166314	0.44349680170575695	0.4605543710021322	0.4605543710021322	0.5159914712153518	0.5159914712153518	0.5245202558635395	0.5287846481876333	0.5458422174840085	0.5458422174840085	0.5884861407249466	0.5884861407249466	0.6119402985074627	0.6204690831556503	0.6631130063965884	0.6631130063965884	0.673773987206823	0.6780383795309168	0.6844349680170576	0.6886993603411514	0.697228144989339	0.7014925373134329	0.7057569296375267	0.7100213219616205	0.7121535181236673	0.7185501066098081	0.7228144989339019	0.7292110874200426	0.7334754797441365	0.7377398720682303	0.7377398720682303	0.744136460554371	0.7526652452025586	0.7526652452025586	0.7590618336886994	0.7654584221748401	0.7739872068230277	0.7782515991471215	0.7867803837953091	0.7995735607675906	0.8166311300639659	0.835820895522388	0.837953091684435	1.0	
0.0	0.0	0.0	0.0021321961620469083	0.0021321961620469083	0.006396588486140725	0.006396588486140725	0.010660980810234541	0.010660980810234541	0.01279317697228145	0.01279317697228145	0.019189765458422176	0.019189765458422176	0.021321961620469083	0.021321961620469083	0.0255863539445629	0.0255863539445629	0.029850746268656716	0.03411513859275053	0.03411513859275053	0.03837953091684435	0.03837953091684435	0.04051172707889126	0.04051172707889126	0.042643923240938165	0.042643923240938165	0.04477611940298507	0.04477611940298507	0.046908315565031986	0.046908315565031986	0.04904051172707889	0.04904051172707889	0.06183368869936034	0.06183368869936034	0.06396588486140725	0.06396588486140725	0.06609808102345416	0.06609808102345416	0.06823027718550106	0.06823027718550106	0.07036247334754797	0.07036247334754797	0.0767590618336887	0.08102345415778252	0.08102345415778252	0.08315565031982942	0.08315565031982942	0.09381663113006397	0.09381663113006397	0.09594882729211088	0.10021321961620469	0.11940298507462686	0.11940298507462686	0.12366737739872068	0.12366737739872068	0.1257995735607676	0.1257995735607676	0.13219616204690832	0.13219616204690832	0.14712153518123666	0.14712153518123666	0.15565031982942432	0.15565031982942432	0.15991471215351813	0.15991471215351813	0.16204690831556504	0.16204690831556504	0.17270788912579957	0.17270788912579957	0.17484008528784648	0.1791044776119403	0.1812366737739872	0.1812366737739872	0.18763326226012794	0.18763326226012794	0.19189765458422176	0.19189765458422176	0.19402985074626866	0.19402985074626866	0.20042643923240938	0.2046908315565032	0.208955223880597	0.208955223880597	0.21108742004264391	0.21108742004264391	0.2281449893390192	0.2281449893390192	0.23667377398720682	0.23667377398720682	0.24093816631130063	0.24093816631130063	0.24946695095948826	0.2537313432835821	0.2537313432835821	0.2579957356076759	0.2622601279317697	0.27292110874200426	0.27292110874200426	0.2771855010660981	0.2771855010660981	0.2857142857142857	0.2899786780383795	0.2921108742004264	0.29637526652452023	0.29637526652452023	0.34754797441364604	0.34754797441364604	0.35394456289978676	0.3582089552238806	0.3582089552238806	0.3646055437100213	0.3646055437100213	0.3859275053304904	0.39019189765458423	0.39445628997867804	0.39445628997867804	0.40085287846481876	0.42643923240938164	0.4349680170575693	0.4562899786780384	0.4562899786780384	0.47334754797441364	0.47334754797441364	0.4925373134328358	0.4968017057569296	0.5159914712153518	0.5159914712153518	0.5330490405117271	0.5330490405117271	0.5437100213219617	0.5479744136460555	0.55863539445629	0.5628997867803838	0.5863539445628998	0.5906183368869936	0.603411513859275	0.603411513859275	0.6289978678038379	0.6332622601279317	0.6460554371002132	0.650319829424307	0.650319829424307	0.652452025586354	0.652452025586354	0.6609808102345416	0.6652452025586354	0.6865671641791045	0.6908315565031983	0.7036247334754797	0.7036247334754797	0.7057569296375267	0.7057569296375267	0.7100213219616205	0.7100213219616205	0.7142857142857143	0.767590618336887	0.767590618336887	0.7718550106609808	0.7718550106609808	0.7761194029850746	0.7761194029850746	0.7803837953091685	0.7803837953091685	0.7846481876332623	0.7910447761194029	0.7910447761194029	0.8422174840085288	0.8464818763326226	0.8528784648187633	0.8571428571428571	0.8678038379530917	0.8720682302771855	0.8784648187633263	0.8955223880597015	0.9019189765458422	0.9040511727078892	0.9168443496801706	0.9189765458422174	0.9360341151385928	0.9381663113006397	1.0	
