PC Round AUC AUPR
100 Round--0 0.92676 0.80595
100 Round--0 0.94102 0.83745
100 Round--0 0.92886 0.83316
100 Round--0 0.91995 0.80225
100 Round--0 0.91229 0.79125
100 Round--1 0.92460 0.79230
100 Round--1 0.90674 0.80396
100 Round--1 0.92481 0.83788
100 Round--1 0.91925 0.78744
100 Round--1 0.91195 0.77843
100 Round--2 0.90802 0.75542
100 Round--2 0.91286 0.79416
100 Round--2 0.93035 0.80968
100 Round--2 0.90874 0.79457
100 Round--2 0.91393 0.79482
100 Round--3 0.90191 0.77539
100 Round--3 0.92221 0.77725
100 Round--3 0.91363 0.80404
100 Round--3 0.93121 0.78906
100 Round--3 0.91793 0.75648
100 Round--4 0.89668 0.77587
100 Round--4 0.92341 0.82703
100 Round--4 0.91778 0.77711
100 Round--4 0.92538 0.79903
100 Round--4 0.89957 0.75580
100 Round--5 0.92649 0.76893
100 Round--5 0.92064 0.80334
100 Round--5 0.91082 0.77785
100 Round--5 0.90588 0.75956
100 Round--5 0.92046 0.78709
100 Round--6 0.92193 0.81001
100 Round--6 0.90588 0.76088
100 Round--6 0.92036 0.81080
100 Round--6 0.91251 0.79045
100 Round--6 0.91462 0.79544
100 Round--7 0.92640 0.79112
100 Round--7 0.90703 0.76110
100 Round--7 0.90735 0.74481
100 Round--7 0.92910 0.80516
100 Round--7 0.91838 0.79812
100 Round--8 0.92538 0.81018
100 Round--8 0.92715 0.84009
100 Round--8 0.92082 0.78382
100 Round--8 0.91840 0.79092
100 Round--8 0.92122 0.78042
100 Round--9 0.90107 0.78938
100 Round--9 0.90137 0.78426
100 Round--9 0.91322 0.79718
100 Round--9 0.92611 0.81238
100 Round--9 0.93263 0.82891
10 Round--0 0.92073 0.81332
10 Round--0 0.92552 0.80851
10 Round--0 0.91762 0.80772
10 Round--0 0.91561 0.81154
10 Round--0 0.89960 0.77142
10 Round--1 0.91777 0.80071
10 Round--1 0.90254 0.78846
10 Round--1 0.92130 0.81166
10 Round--1 0.89665 0.76928
10 Round--1 0.89247 0.74904
10 Round--2 0.89090 0.75307
10 Round--2 0.90787 0.77887
10 Round--2 0.91037 0.77735
10 Round--2 0.89727 0.79207
10 Round--2 0.90394 0.77678
10 Round--3 0.89888 0.74268
10 Round--3 0.89956 0.74080
10 Round--3 0.90056 0.77796
10 Round--3 0.91625 0.78277
10 Round--3 0.90445 0.77984
10 Round--4 0.89509 0.76136
10 Round--4 0.92101 0.79695
10 Round--4 0.90393 0.74729
10 Round--4 0.91444 0.78988
10 Round--4 0.88017 0.72621
10 Round--5 0.92243 0.80620
10 Round--5 0.90690 0.78071
10 Round--5 0.89745 0.77031
10 Round--5 0.89518 0.75096
10 Round--5 0.90899 0.74728
10 Round--6 0.90768 0.75629
10 Round--6 0.90085 0.79848
10 Round--6 0.91222 0.77138
10 Round--6 0.90176 0.77444
10 Round--6 0.91745 0.79397
10 Round--7 0.90877 0.76812
10 Round--7 0.89597 0.75357
10 Round--7 0.90073 0.77750
10 Round--7 0.90987 0.80078
10 Round--7 0.90648 0.78577
10 Round--8 0.90888 0.78475
10 Round--8 0.90443 0.76805
10 Round--8 0.90806 0.76335
10 Round--8 0.91078 0.80087
10 Round--8 0.90698 0.77482
10 Round--9 0.89004 0.78232
10 Round--9 0.89610 0.77509
10 Round--9 0.90410 0.77675
10 Round--9 0.91544 0.77512
10 Round--9 0.90841 0.78206
50 Round--0 0.92867 0.82571
50 Round--0 0.92786 0.80753
50 Round--0 0.92812 0.83991
50 Round--0 0.92281 0.84056
50 Round--0 0.90410 0.79319
50 Round--1 0.92709 0.80560
50 Round--1 0.90638 0.77140
50 Round--1 0.92096 0.83454
50 Round--1 0.91367 0.80735
50 Round--1 0.91415 0.79431
50 Round--2 0.91850 0.78186
50 Round--2 0.91308 0.78488
50 Round--2 0.93117 0.82552
50 Round--2 0.90601 0.82391
50 Round--2 0.91071 0.80950
50 Round--3 0.89764 0.78345
50 Round--3 0.92305 0.76597
50 Round--3 0.91360 0.78736
50 Round--3 0.92689 0.80856
50 Round--3 0.91509 0.81475
50 Round--4 0.90916 0.77045
50 Round--4 0.92550 0.82887
50 Round--4 0.92955 0.81420
50 Round--4 0.92335 0.81486
50 Round--4 0.90233 0.79526
50 Round--5 0.92243 0.80127
50 Round--5 0.91841 0.80102
50 Round--5 0.91077 0.77154
50 Round--5 0.90811 0.78343
50 Round--5 0.92180 0.77864
50 Round--6 0.92420 0.82324
50 Round--6 0.90963 0.77182
50 Round--6 0.92161 0.81275
50 Round--6 0.90604 0.77136
50 Round--6 0.91640 0.76442
50 Round--7 0.92818 0.81538
50 Round--7 0.90917 0.79143
50 Round--7 0.90133 0.79574
50 Round--7 0.93025 0.83100
50 Round--7 0.92382 0.83699
50 Round--8 0.92080 0.78893
50 Round--8 0.92999 0.84839
50 Round--8 0.91213 0.78120
50 Round--8 0.91866 0.80929
50 Round--8 0.91772 0.79200
50 Round--9 0.90357 0.79623
50 Round--9 0.89084 0.76638
50 Round--9 0.91785 0.80847
50 Round--9 0.92152 0.82980
50 Round--9 0.93188 0.84471
150 Round--0 0.91826 0.78388
150 Round--0 0.93326 0.80947
150 Round--0 0.92531 0.81777
150 Round--0 0.91701 0.80479
150 Round--0 0.90660 0.76144
150 Round--1 0.91228 0.74344
150 Round--1 0.90505 0.74013
150 Round--1 0.92255 0.80745
150 Round--1 0.90709 0.76289
150 Round--1 0.91444 0.77428
150 Round--2 0.91514 0.79455
150 Round--2 0.91114 0.77729
150 Round--2 0.92191 0.77972
150 Round--2 0.91430 0.80853
150 Round--2 0.90284 0.77180
150 Round--3 0.90322 0.75635
150 Round--3 0.90406 0.71156
150 Round--3 0.90495 0.76487
150 Round--3 0.92415 0.77925
150 Round--3 0.90566 0.74241
150 Round--4 0.89190 0.68892
150 Round--4 0.91819 0.78093
150 Round--4 0.92650 0.79415
150 Round--4 0.90521 0.76618
150 Round--4 0.88870 0.71736
150 Round--5 0.91923 0.79952
150 Round--5 0.91191 0.77673
150 Round--5 0.91728 0.76949
150 Round--5 0.90135 0.73568
150 Round--5 0.92777 0.78444
150 Round--6 0.91906 0.78488
150 Round--6 0.89892 0.72484
150 Round--6 0.91778 0.76837
150 Round--6 0.91276 0.78971
150 Round--6 0.90413 0.77535
150 Round--7 0.92893 0.77442
150 Round--7 0.90836 0.73785
150 Round--7 0.91338 0.78716
150 Round--7 0.92079 0.80472
150 Round--7 0.91510 0.78106
150 Round--8 0.92441 0.75920
150 Round--8 0.92478 0.81537
150 Round--8 0.90138 0.75159
150 Round--8 0.91315 0.77804
150 Round--8 0.91988 0.78732
150 Round--9 0.89467 0.75014
150 Round--9 0.90112 0.79378
150 Round--9 0.91436 0.75168
150 Round--9 0.92575 0.78805
150 Round--9 0.92752 0.79859
200 Round--0 0.91637 0.76497
200 Round--0 0.92448 0.76875
200 Round--0 0.88311 0.67513
200 Round--0 0.89023 0.71956
200 Round--0 0.90666 0.75765
200 Round--1 0.88884 0.64942
200 Round--1 0.88352 0.73676
200 Round--1 0.92022 0.79637
200 Round--1 0.91603 0.77041
200 Round--1 0.90290 0.76225
200 Round--2 0.90447 0.75119
200 Round--2 0.90433 0.77539
200 Round--2 0.91994 0.76977
200 Round--2 0.90839 0.77571
200 Round--2 0.92179 0.80347
200 Round--3 0.89131 0.75201
200 Round--3 0.92350 0.78260
200 Round--3 0.91090 0.77337
200 Round--3 0.90443 0.75148
200 Round--3 0.89075 0.72656
200 Round--4 0.86026 0.64799
200 Round--4 0.91181 0.75765
200 Round--4 0.92052 0.78279
200 Round--4 0.90011 0.74033
200 Round--4 0.89172 0.71825
200 Round--5 0.92586 0.78722
200 Round--5 0.90070 0.71858
200 Round--5 0.90998 0.78755
200 Round--5 0.90042 0.72395
200 Round--5 0.91813 0.77465
200 Round--6 0.91914 0.80129
200 Round--6 0.90858 0.76564
200 Round--6 0.90011 0.73744
200 Round--6 0.90503 0.78298
200 Round--6 0.90918 0.75417
200 Round--7 0.90933 0.75169
200 Round--7 0.89906 0.69521
200 Round--7 0.89854 0.76111
200 Round--7 0.91128 0.75895
200 Round--7 0.90753 0.77892
200 Round--8 0.91445 0.73895
200 Round--8 0.90738 0.77227
200 Round--8 0.91047 0.74239
200 Round--8 0.90552 0.75003
200 Round--8 0.90717 0.70174
200 Round--9 0.89648 0.74322
200 Round--9 0.88498 0.71796
200 Round--9 0.91065 0.71517
200 Round--9 0.91231 0.74879
200 Round--9 0.91380 0.72669
250 Round--0 0.88666 0.69008
250 Round--0 0.92980 0.81873
250 Round--0 0.90446 0.71375
250 Round--0 0.90010 0.75262
250 Round--0 0.89142 0.75554
250 Round--1 0.90092 0.71883
250 Round--1 0.90358 0.72722
250 Round--1 0.91742 0.82282
250 Round--1 0.90454 0.77697
250 Round--1 0.88737 0.71967
250 Round--2 0.86045 0.63442
250 Round--2 0.90508 0.77569
250 Round--2 0.91611 0.74275
250 Round--2 0.89574 0.72357
250 Round--2 0.91354 0.78280
250 Round--3 0.89924 0.76644
250 Round--3 0.92245 0.75443
250 Round--3 0.87687 0.67176
250 Round--3 0.91285 0.75591
250 Round--3 0.90845 0.76794
250 Round--4 0.86132 0.63805
250 Round--4 0.88346 0.67247
250 Round--4 0.89701 0.72894
250 Round--4 0.91315 0.74200
250 Round--4 0.87490 0.69263
250 Round--5 0.87133 0.60202
250 Round--5 0.89642 0.72559
250 Round--5 0.89340 0.73893
250 Round--5 0.88712 0.71368
250 Round--5 0.92201 0.77362
250 Round--6 0.92144 0.81631
250 Round--6 0.90710 0.74089
250 Round--6 0.88585 0.68983
250 Round--6 0.86752 0.69849
250 Round--6 0.89635 0.72615
250 Round--7 0.91340 0.73255
250 Round--7 0.85294 0.64322
250 Round--7 0.90334 0.73310
250 Round--7 0.87674 0.63166
250 Round--7 0.91567 0.80791
250 Round--8 0.92117 0.73349
250 Round--8 0.91664 0.78829
250 Round--8 0.90475 0.72383
250 Round--8 0.90024 0.73596
250 Round--8 0.91027 0.74458
250 Round--9 0.89784 0.77513
250 Round--9 0.89537 0.74845
250 Round--9 0.89752 0.70721
250 Round--9 0.91554 0.74287
250 Round--9 0.88853 0.73054
300 Round--0 0.90607 0.75040
300 Round--0 0.92533 0.78632
300 Round--0 0.90885 0.76774
300 Round--0 0.88277 0.70889
300 Round--0 0.89057 0.74056
300 Round--1 0.91551 0.77837
300 Round--1 0.79556 0.63743
300 Round--1 0.92151 0.81111
300 Round--1 0.87355 0.59568
300 Round--1 0.89581 0.73823
300 Round--2 0.87982 0.72156
300 Round--2 0.89147 0.72586
300 Round--2 0.91551 0.74690
300 Round--2 0.90068 0.75777
300 Round--2 0.89758 0.76949
300 Round--3 0.88513 0.67203
300 Round--3 0.84662 0.57790
300 Round--3 0.92182 0.79589
300 Round--3 0.91833 0.74383
300 Round--3 0.90581 0.75132
300 Round--4 0.89226 0.74706
300 Round--4 0.88653 0.65445
300 Round--4 0.91046 0.74611
300 Round--4 0.88673 0.67963
300 Round--4 0.89050 0.71508
300 Round--5 0.89835 0.71150
300 Round--5 0.91092 0.76397
300 Round--5 0.88130 0.70593
300 Round--5 0.87936 0.67730
300 Round--5 0.91638 0.73961
300 Round--6 0.88538 0.67638
300 Round--6 0.88910 0.66017
300 Round--6 0.87704 0.66829
300 Round--6 0.90032 0.74299
300 Round--6 0.90389 0.74535
300 Round--7 0.91394 0.76963
300 Round--7 0.89197 0.70179
300 Round--7 0.89349 0.69087
300 Round--7 0.91353 0.76840
300 Round--7 0.89579 0.70241
300 Round--8 0.90900 0.74324
300 Round--8 0.89244 0.71343
300 Round--8 0.88215 0.72098
300 Round--8 0.91183 0.76739
300 Round--8 0.90469 0.68479
300 Round--9 0.89905 0.75521
300 Round--9 0.90160 0.75419
300 Round--9 0.89429 0.66964
300 Round--9 0.92525 0.78483
300 Round--9 0.90447 0.75425
